frame,time,origin_x,origin_y,origin_z,x_axis_x,x_axis_y,x_axis_z,y_axis_x,y_axis_y,y_axis_z,z_axis_x,z_axis_y,z_axis_z,R00,R01,R02,R10,R11,R12,R20,R21,R22,tip_speed_mm_s,tip_vx_mm_s,tip_vy_mm_s,tip_vz_mm_s,frame_rotation_deg,angular_speed_deg_s,x_axis_change_deg,y_axis_change_deg,z_axis_change_deg
0,0.0,103.78845779484,218.998979715113,221.681493604565,0.9608496026722196,-0.0789577501908128,-0.2655818418669525,-0.0885207954081051,-0.9957799872021575,-0.0242133407027479,-0.2625492521889068,0.0467748946816146,-0.9637842079026662,0.9608496026722196,-0.0885207954081051,-0.2625492521889068,-0.0789577501908128,-0.9957799872021575,0.0467748946816146,-0.2655818418669525,-0.0242133407027479,-0.9637842079026662,,,,,,,,,
1,0.0083333333333333,101.101984802,218.739426402406,215.467151055847,0.961195343341792,-0.076226319157496,-0.2651283843834041,-0.085446326158113,-0.996067951014199,-0.0234000493259486,-0.2623021869602614,0.0451462648518679,-0.963929135095412,0.961195343341792,-0.085446326158113,-0.2623021869602614,-0.076226319157496,-0.996067951014199,0.0451462648518679,-0.2651283843834041,-0.0234000493259486,-0.963929135095412,813.017121970578,-322.37675914080074,-31.146397524839937,-745.7211058461605,0.1844047600486618,22.128571205839503,0.159873509584929,0.18295876368928982,0.09474582388895998
2,0.0166666666666667,98.7824292388978,218.775630250126,208.683741265352,0.9609280374564568,-0.0720217156313561,-0.2672642499617152,-0.0809617406454307,-0.9964616890325688,-0.0225676503434032,-0.2646932250393729,0.0433240668436859,-0.9633589787043976,0.9609280374564568,-0.0809617406454307,-0.2646932250393729,-0.0720217156313561,-0.9964616890325688,0.0433240668436859,-0.2672642499617152,-0.0225676503434032,-0.9633589787043976,860.2945300602264,-278.3466675722616,4.344461726400333,-814.0091748593934,0.2939283327255951,35.27139992707112,0.27064058252729023,0.2623086986283613,0.17531529505649138
3,0.025,96.187644560574,218.745190907568,202.24594946118,0.9608845199825028,-0.0686495310277865,-0.2683061332650829,-0.0772296492794678,-0.996780546660536,-0.0215435157598174,-0.2659633819347428,0.0414220193712001,-0.9630927763102816,0.9608845199825028,-0.0772296492794678,-0.2659633819347428,-0.0686495310277865,-0.996780546660536,0.0414220193712001,-0.2683061332650829,-0.0215435157598174,-0.9630927763102816,832.9331080452845,-311.37416139885784,-3.6527211069597034,-772.535016500644,0.23217188447640053,27.860626137168172,0.2022391403110315,0.22248952875050076,0.13192904322731394
4,0.0333333333333333,93.9459404194214,218.443296827021,195.886648580862,0.9607378272657786,-0.0668384639426806,-0.2692869231849439,-0.0755680183714203,-0.9968941523913424,-0.0221703298884686,-0.2669687282436794,0.041649353725236,-0.9628047722535564,0.9607378272657786,-0.0755680183714203,-0.2669687282436794,-0.0668384639426806,-0.9968941523913424,0.041649353725236,-0.2692869231849439,-0.0221703298884686,-0.9628047722535564,809.9518668253766,-269.0044969383127,-36.227289665641976,-763.1161056381653,0.11864240955387176,14.237089146464674,0.11830479839994645,0.10196106055839917,0.061318492397713274
5,0.0416666666666667,91.764438623202,218.40131526246,189.662942814209,0.9608181495809968,-0.063039916881079,-0.2699156392567422,-0.0714553434528982,-0.9972129988099964,-0.0214562088077671,-0.2678107864291084,0.0399024295501014,-0.9626448871667171,0.9608181495809968,-0.0714553434528982,-0.2678107864291084,-0.063039916881079,-0.9972129988099964,0.0399024295501014,-0.2699156392567422,-0.0214562088077671,-0.9626448871667171,791.4109264617097,-261.7802155463268,-5.037787747318093,-746.844691998352,0.24356720267981538,29.228064321577605,0.2206498607522322,0.2398617345907392,0.11148955606314777
6,0.05,89.5981218738892,218.110139277214,183.66382163304,0.9608580210112432,-0.0609677977088582,-0.2702494978735184,-0.070141713980112,-0.9972383313134576,-0.0244100495510126,-0.268014931334598,0.0424103548874856,-0.9624808353312956,0.9608580210112432,-0.070141713980112,-0.268014931334598,-0.0609677977088582,-0.9972383313134576,0.0424103548874856,-0.2702494978735184,-0.0244100495510126,-0.9624808353312956,766.1900546802143,-259.95800991753674,-34.941118229521756,-719.8945417402845,0.18661396717237005,22.393676060684488,0.12027653062100851,0.18522980609098805,0.14447492961515718
7,0.0583333333333333,87.7120878726806,218.135501709601,177.994992351765,0.9611749358451048,-0.0567373802049145,-0.2700437231091316,-0.0662456762425486,-0.9974587880628908,-0.0262197729829418,-0.2678698435478055,0.0430910176671723,-0.9624909927443902,0.9611749358451048,-0.0662456762425486,-0.2678698435478055,-0.0567373802049145,-0.9974587880628908,0.0430910176671723,-0.2700437231091316,-0.0262197729829418,-0.9624909927443902,716.927372993825,-226.32408014503298,3.0434918864398375,-680.2595137530006,0.2465268123589303,29.583217483071763,0.24335020829920276,0.24645737206618232,0.03987948744232388
8,0.0666666666666667,86.0810882920679,217.623715554732,172.320182454593,0.9610522412202592,-0.0571314861950888,-0.270397083805755,-0.0679730828448452,-0.9972087124218936,-0.0308940751348344,-0.267877303357496,0.0480705435272928,-0.962253071281618,0.9610522412202592,-0.0679730828448452,-0.267877303357496,-0.0571314861950888,-0.9972087124218936,0.0480705435272928,-0.270397083805755,-0.0308940751348344,-0.962253071281618,711.2017644790665,-195.71994967352197,-61.414338584277864,-680.9771876606346,0.2866027834944038,34.3923340193282,0.031132087285350437,0.28588023963299186,0.285631911272194
9,0.075,84.3304681542571,217.299472629086,166.974942475182,0.961317390852852,-0.0551655158014726,-0.2698622609966473,-0.066365972139984,-0.9972642675480428,-0.0325505516663037,-0.2673283220793861,0.0492010826936086,-0.9623485967548332,0.961317390852852,-0.066365972139984,-0.2673283220793861,-0.0551655158014726,-0.9972642675480428,0.0492010826936086,-0.2698622609966473,-0.0325505516663037,-0.9623485967548332,676.0740231816144,-210.0744165372966,-38.909151077518935,-641.4287975293246,0.13522176977727424,16.226612373272967,0.11771990411288474,0.13227519696226284,0.07221597363837143
10,0.0833333333333333,82.8806488249316,217.164134581696,161.66351390118,0.9614252415010138,-0.0521101470938015,-0.2700852413120337,-0.0627498340396986,-0.9975506956823064,-0.0309041724001258,-0.2678132993947601,0.046659855482082,-0.9623403215877862,0.9614252415010138,-0.0627498340396986,-0.2678132993947601,-0.0521101470938015,-0.9975506956823064,0.046659855482082,-0.2700852413120337,-0.0309041724001258,-0.9623403215877862,660.889211584924,-173.97831951906147,-16.24056568680095,-637.3714288802398,0.22903567802553984,27.484281363064877,0.17563410983045405,0.22824355752387868,0.14823018290653656
11,0.0916666666666667,81.4346526583181,216.865721866478,156.992237220364,0.9621845586490908,-0.0514474068955812,-0.2674958680446765,-0.0623942918223724,-0.9975196709394968,-0.0325800312575512,-0.2651562321448227,0.0480382182483789,-0.963008048846053,0.9621845586490908,-0.0623942918223724,-0.2651562321448227,-0.0514474068955812,-0.9975196709394968,0.0480382182483789,-0.2674958680446765,-0.0325800312575512,-0.963008048846053,587.8871021150899,-173.51953999361828,-35.80952582616049,-560.553201697918,0.18146706534025245,21.776047840830117,0.1592023419136397,0.09817287706223322,0.1757193215205353
12,0.1,80.1429045641594,216.60296663163,151.596167540745,0.961864305259694,-0.0487565096347478,-0.269146541934915,-0.0595261022158893,-0.997713911088752,-0.0319936677323743,-0.2669713494408524,0.0467948115523806,-0.9625676829135223,0.961864305259694,-0.0595261022158893,-0.2669713494408524,-0.0487565096347478,-0.997713911088752,0.0467948115523806,-0.269146541934915,-0.0319936677323743,-0.9625676829135223,666.5697178306934,-155.00977129904524,-31.530628181758516,-647.528361554281,0.19727950403608718,23.673540484330548,0.1818021631655148,0.16810301684531712,0.1285602296889915
13,0.108333333333333,79.0377554559714,216.420995963281,146.995042611889,0.9624577542922316,-0.047443606653762,-0.2672530175516024,-0.0572671747125624,-0.9979352948984398,-0.0290795099065459,-0.2653215820531659,0.04329262504916,-0.9631875241681436,0.9624577542922316,-0.0572671747125624,-0.2653215820531659,-0.047443606653762,-0.9979352948984398,0.04329262504916,-0.2672530175516024,-0.0290795099065459,-0.9631875241681436,568.2582038161031,-132.61789298256383,-21.836480201882036,-552.1349914627416,0.23857589246253771,28.629107095505677,0.13632703602908222,0.2116386630285038,0.2246350113942536
14,0.116666666666667,78.1740987956589,216.070254726596,142.229018971723,0.9628238911566166,-0.0473373379659277,-0.2659498656745876,-0.0577053219431228,-0.9978428043984237,-0.0313022927232146,-0.2638943925843673,0.0454853179013713,-0.9634785080207752,0.9628238911566166,-0.0577053219431228,-0.2638943925843673,-0.0473373379659277,-0.9978428043984237,0.0454853179013713,-0.2659498656745876,-0.0313022927232146,-0.9634785080207752,582.7591368319198,-103.6387992374918,-42.088948402196195,-571.9228368198741,0.15112567704662488,18.13508124559354,0.07779480625335954,0.1299148558479825,0.1508245128954143
15,0.125,77.0634006330835,215.848357274821,137.762427146567,0.963278195634037,-0.0446591113126644,-0.2647653330645779,-0.0546334011707354,-0.9980428433656268,-0.0304248957791543,-0.2628883970291411,0.0437726693659178,-0.9638327884669782,0.963278195634037,-0.0546334011707354,-0.2628883970291411,-0.0446591113126644,-0.9980428433656268,0.0437726693659178,-0.2647653330645779,-0.0304248957791543,-0.9638327884669782,552.9556695143548,-133.28377950905372,-26.6276942130002,-535.9910190187417,0.19472000473319653,23.36640056798452,0.1697968376511401,0.18340509657295118,0.11559994087472085
16,0.133333333333333,76.1458490848208,215.383722867025,133.215332553194,0.9639826901390784,-0.0442713486986014,-0.2622544962372092,-0.0533839971604375,-0.9981891963364276,-0.027721420678077,-0.2605523401533747,0.0407231629621689,-0.9646004883053692,0.9639826901390784,-0.0533839971604375,-0.2605523401533747,-0.0442713486986014,-0.9981891963364276,0.0407231629621689,-0.2622544962372092,-0.027721420678077,-0.9646004883053692,559.4349963445603,-110.10618579152934,-55.75612893552371,-545.6513512047824,0.22625752837043503,27.150903404453295,0.15105864609967348,0.17084534839289495,0.2244505666725654
17,0.141666666666667,75.4901729670321,214.825746194787,128.468798013602,0.9635341510553788,-0.0444601830887812,-0.2638659354098269,-0.0533979457937145,-0.9982137799482188,-0.0267938221704321,-0.2622033545456702,0.0399066616143378,-0.9641871494807408,0.9635341510553788,-0.0533979457937145,-0.2622033545456702,-0.0444601830887812,-0.9982137799482188,0.0399066616143378,-0.2638659354098269,-0.0267938221704321,-0.9641871494807408,578.8782994220846,-78.68113413463787,-66.95720066855449,-569.5841447509953,0.10914954277515929,13.09794513301807,0.09644741050587562,0.05317214950571064,0.10815666214731415
18,0.15,74.7344596163354,214.50683929505,124.721684977782,0.9647684816693264,-0.0425463000387268,-0.2596374185869161,-0.0510458162318177,-0.9983557567679994,-0.0260788721654698,-0.2581009519988067,0.03841347785882,-0.9653539782360144,0.9647684816693264,-0.0510458162318177,-0.2581009519988067,-0.0425463000387268,-0.9983557567679994,0.03841347785882,-0.2596374185869161,-0.0260788721654698,-0.9653539782360144,460.300672936305,-90.68560208360702,-38.26882796844001,-449.6535642984172,0.2851914198179642,34.22297037815708,0.27518035723197104,0.14108994050801393,0.25891625171903976
19,0.158333333333333,74.1486310381863,213.938425557732,120.129530376551,0.9648136960286714,-0.0430761402789968,-0.2593819155110059,-0.0517453255221623,-0.9983037355427524,-0.0266846938897881,-0.2577924615695732,0.0391675597918792,-0.9654061057492074,0.9648136960286714,-0.0517453255221623,-0.2577924615695732,-0.0430761402789968,-0.9983037355427524,0.0391675597918792,-0.2593819155110059,-0.0266846938897881,-0.9654061057492074,559.6964300507362,-70.29942937789541,-68.20964847816573,-551.0585521477424,0.05545597478341608,6.6547169740101975,0.03380241468356249,0.053104239503467716,0.04677677483309516
20,0.166666666666667,73.5502334274767,213.567935380731,115.908691170956,0.9650348671888846,-0.0420600442138105,-0.2587250621614851,-0.0515510633244606,-0.9982194654884072,-0.0300064424775068,-0.2570023209619895,0.0422948152942035,-0.9654848293056602,0.9650348671888846,-0.0515510633244606,-0.2570023209619895,-0.0420600442138105,-0.9982194654884072,0.0422948152942035,-0.2587250621614851,-0.0300064424775068,-0.9654848293056602,513.4938152557302,-71.80771328514591,-44.45882124011505,-506.5007046713595,0.19430766009582678,23.316919211497357,0.0704720481981916,0.19070857952932221,0.18486441827097094
21,0.175,73.1047657689579,212.956991706413,112.056324680267,0.965420579822257,-0.0430433353360728,-0.2571193795473291,-0.0517604913209595,-0.9982882638705236,-0.0272285467219402,-0.2555072515485029,0.0395956247775229,-0.9659959787207232,0.965420579822257,-0.0517604913209595,-0.2555072515485029,-0.0430433353360728,-0.9982882638705236,0.0395956247775229,-0.2571193795473291,-0.0272285467219402,-0.9659959787207232,471.1038792946484,-53.456119022257425,-73.31324091816394,-462.2839788826995,0.186723178605962,22.406781432716336,0.11011905192680381,0.1596621010518996,0.17920067923584151
22,0.183333333333333,72.8471563641888,212.486906640703,108.071552740453,0.9657149333614714,-0.0437988348201486,-0.2558834296140452,-0.0535690536576363,-0.9980723890739646,-0.0313346877822974,-0.254017763105012,0.0439678090946787,-0.9661996728371108,0.9657149333614714,-0.0535690536576363,-0.254017763105012,-0.0437988348201486,-0.9980723890739646,0.0439678090946787,-0.2558834296140452,-0.0313346877822974,-0.9661996728371108,482.47984394100285,-30.913128572293083,-56.410207885199945,-478.1726327776987,0.2679428791733622,32.153145500804754,0.08469308773719247,0.25737177416120255,0.2649030006701493
23,0.191666666666667,72.5165911544333,211.962134319501,104.131909733014,0.9660619033872072,-0.0444290067339509,-0.2544611211649457,-0.0537111376227264,-0.9981164325736156,-0.0296428865293475,-0.2526648224806119,0.0423042596809561,-0.9666285931492442,0.9660619033872072,-0.0537111376227264,-0.2526648224806119,-0.0444290067339509,-0.9981164325736156,0.0423042596809561,-0.2544611211649457,-0.0296428865293475,-0.9666285931492442,478.5795939779257,-39.66782517065735,-62.9726785442374,-472.757160892641,0.12943398937186337,15.532078724622314,0.09132283515693508,0.09730705800169051,0.12529081171519152
24,0.2,72.2570743772756,211.662142575858,100.073346946488,0.9661875392969228,-0.0443123179229995,-0.2540040499433981,-0.0529427232186641,-0.998225970665894,-0.027239301502157,-0.2523464027196528,0.0397659398031091,-0.9668195090429372,0.9661875392969228,-0.0529427232186641,-0.2523464027196528,-0.0443123179229995,-0.998225970665894,0.0397659398031091,-0.2540040499433981,-0.027239301502157,-0.9668195090429372,489.3481101457284,-31.142013258925203,-35.999009237158674,-487.02753438313914,0.14718944586785943,17.662733504143844,0.02797036339691108,0.1447178843339532,0.14698250863348503
25,0.208333333333333,72.1566160364143,211.203972595144,96.2815351281754,0.9663229104555948,-0.045231178686104,-0.2533262189416926,-0.054683126072378,-0.9980411356333504,-0.0303915663736661,-0.2514553408690718,0.0432207364393329,-0.9669033971861204,0.9663229104555948,-0.054683126072378,-0.2514553408690718,-0.045231178686104,-0.9980411356333504,0.0432207364393329,-0.2533262189416926,-0.0303915663736661,-0.9669033971861204,458.48557015417794,-12.05500090335582,-54.9803976856844,-455.01741819752976,0.21074686855654973,25.289624226786984,0.0658798190599363,0.20658250529606306,0.20447981342707144
26,0.216666666666667,72.2101542862738,210.928580256782,92.432625958767,0.9665392125034143,-0.0456055302236133,-0.2524323400563062,-0.0555036783677594,-0.9979382761088904,-0.0322263675344366,-0.2504421936913343,0.045158971310686,-0.9670777501986244,0.9665392125034143,-0.0555036783677594,-0.2504421936913343,-0.0456055302236133,-0.9979382761088904,0.045158971310686,-0.2524323400563062,-0.0322263675344366,-0.9670777501986244,463.0944296054044,6.424589983139469,-33.04708060343692,-461.8691003289713,0.12715243280808222,15.258291936968648,0.05689171414339016,0.11531098140612873,0.12570676429228475
27,0.225,72.2946969178355,210.751174196961,88.7116315358035,0.9663587896313888,-0.0450333318516304,-0.253224581596057,-0.0542682895142747,-0.9980875697615078,-0.0295999297425223,-0.2514073237902032,0.0423462171853439,-0.9669545777515816,0.9663587896313888,-0.0542682895142747,-0.2514073237902032,-0.0450333318516304,-0.9980875697615078,0.0423462171853439,-0.253224581596057,-0.0295999297425223,-0.9669545777515816,447.1416397716546,10.145115787403096,-21.28872717852204,-446.51933075563795,0.17327832836486426,20.793399403784548,0.05693972955183866,0.16651947258855462,0.17052825598405366
28,0.233333333333333,72.4413332565772,210.716681901339,85.5695368104703,0.9671565472272488,-0.0454563755684907,-0.2500838480902812,-0.0561791729185231,-0.9977749533154108,-0.0359032459064743,-0.247895368423166,0.0487735630911501,-0.9675582803416736,0.9671565472272488,-0.0561791729185231,-0.247895368423166,-0.0454563755684907,-0.9977749533154108,0.0487735630911501,-0.2500838480902812,-0.0359032459064743,-0.9675582803416736,377.484433110304,17.59636064900476,-4.139075474638669,-377.05136704000023,0.42136778512325446,50.56413421479257,0.18724064054293588,0.37780976314031056,0.4210725495903175
29,0.241666666666667,72.7136533438118,210.718498100862,82.2332861767156,0.967247214386464,-0.0459808283733229,-0.2496369157070499,-0.0560957462269175,-0.997861459787506,-0.0335525606473301,-0.2475602825916771,0.046457189894036,-0.9677580462028093,0.967247214386464,-0.0560957462269175,-0.2475602825916771,-0.0459808283733229,-0.997861459787506,0.046457189894036,-0.2496369157070499,-0.0335525606473301,-0.9677580462028093,401.6816020232369,32.678410468149885,0.2179439427606948,-400.3500760505323,0.13763493156372233,16.516191787645365,0.039820354597893105,0.13486028261578406,0.13458748409196433
30,0.25,73.0677405592696,210.760828123809,79.063655614889,0.9671915171444698,-0.0458799321413345,-0.2498711687860071,-0.0561957895896005,-0.997830263279492,-0.0343045028528481,-0.2477551258726649,0.0472207317847389,-0.9676712252069573,0.9671915171444698,-0.0561957895896005,-0.2477551258726649,-0.0458799321413345,-0.997830263279492,0.0472207317847389,-0.2498711687860071,-0.0343045028528481,-0.9676712252069573,382.7553733007734,42.490465854937156,5.079602753640051,-380.35566741920655,0.04571208301460354,5.485449961752645,0.014958120586787008,0.04349949785260612,0.04542287265202598
31,0.258333333333333,73.5320328781065,211.178466385436,76.4121796737915,0.9684410249352344,-0.0447609227165106,-0.245190621802628,-0.055248019888939,-0.9978213710950856,-0.0360578380421637,-0.243042460324825,0.0484661859804347,-0.9688041036740944,0.9684410249352344,-0.055248019888939,-0.243042460324825,-0.0447609227165106,-0.9978213710950856,0.0484661859804347,-0.245190621802628,-0.0360578380421637,-0.9688041036740944,326.8830339314093,55.715078260431376,50.116591395240704,-318.1771129317119,0.2969928521718279,35.639142260620666,0.2848759916822989,0.11419743223964234,0.28672996426584485
32,0.266666666666667,73.9716863734713,211.669993568051,73.7077593913661,0.9685748334174396,-0.0429143961250733,-0.2449921359464418,-0.0522014354121004,-0.998138459285382,-0.0315376954820795,-0.2431826519538263,0.0433355593090057,-0.9690119850074508,0.9685748334174396,-0.0522014354121004,-0.2431826519538263,-0.0429143961250733,-0.998138459285382,0.0433355593090057,-0.2449921359464418,-0.0315376954820795,-0.9690119850074508,334.03963616566904,52.758419443771295,58.98326191379742,-324.53043389102356,0.3129504162080799,37.55404994496672,0.10668349212882713,0.31284746825463033,0.2943144068378338
33,0.275,74.4798817182583,212.478308227688,71.3796304856587,0.9691736095937932,-0.0397390580211724,-0.2431528772902508,-0.0492410871467298,-0.9982375119012008,-0.0331237855612618,-0.2414080152015381,0.0440758108364462,-0.9694222470603632,0.9691736095937932,-0.0492410871467298,-0.2414080152015381,-0.0397390580211724,-0.9982375119012008,0.0440758108364462,-0.2431528772902508,-0.0331237855612618,-0.9694222470603632,301.95727827980505,60.98344137444198,96.99775915644085,-279.3754686848985,0.21809678272391037,26.17161392687021,0.2130308653494904,0.192510115637495,0.11265032365407211
34,0.283333333333333,75.0653772905473,213.183341622248,68.894168606229,0.9699510184434116,-0.0386082765459179,-0.2402174489972422,-0.0469375903609455,-0.9984753864176416,-0.0290476389617072,-0.2387297309337418,0.0394500152128683,-0.9702843974155244,0.9699510184434116,-0.0469375903609455,-0.2387297309337418,-0.0386082765459179,-0.9984753864176416,0.0394500152128683,-0.2402174489972422,-0.0290476389617072,-0.9702843974155244,317.88445991692714,70.2594686746837,84.60400734720592,-298.25542553157607,0.3184740368138412,38.2168844176626,0.18565759753039876,0.268604747538861,0.3102161269812629
35,0.291666666666667,75.7690827624585,214.113209049288,66.7255416088208,0.9705699213792024,-0.0341398056881488,-0.2383872928273318,-0.0423452632418029,-0.9986708663714572,-0.0293833174074218,-0.2370673035130551,0.0386131367342557,-0.970725563316734,0.9705699213792024,-0.0423452632418029,-0.2370673035130551,-0.0341398056881488,-0.9986708663714572,0.0386131367342557,-0.2383872928273318,-0.0293833174074218,-0.970725563316734,295.47299272208215,84.44465662933605,111.58409124479005,-260.235239688962,0.2824364093064665,33.89236911677317,0.27892978435074334,0.2640608163532785,0.10959319755378018
36,0.3,76.2847475182774,215.001961827459,64.806214697149,0.9709748017045592,-0.0311779150897003,-0.2371410383410074,-0.0392020740238678,-0.9988046800107632,-0.0291960370739609,-0.2359473073527624,0.0376450368475892,-0.9710364150502928,0.9709748017045592,-0.0392020740238678,-0.2359473073527624,-0.0311779150897003,-0.9988046800107632,0.0376450368475892,-0.2371410383410074,-0.0291960370739609,-0.9710364150502928,261.24767379547376,61.87977069827112,106.65033338052591,-230.31922940062637,0.19307382034666787,23.168858441601152,0.18557008344483997,0.1805737798971106,0.08667088509668541
37,0.308333333333333,77.065114439454,216.171832362421,63.0370657423998,0.9724637747968654,-0.0286907815241015,-0.2312813130440236,-0.0360100490839468,-0.9989733539884328,-0.0274866219472915,-0.2302552563413116,0.0350581955701925,-0.9724985551920162,0.9724637747968654,-0.0360100490839468,-0.2302552563413116,-0.0286907815241015,-0.9989733539884328,0.0350581955701925,-0.2312813130440236,-0.0274866219472915,-0.9724985551920162,271.19622008859955,93.64403054119639,140.38446419544192,-212.29787456991247,0.3992415556819937,47.90898668184101,0.37457335297871885,0.2076890099645021,0.367895963607361
38,0.316666666666667,77.7919829804065,217.292644096883,61.4954059222841,0.9728480528809804,-0.0251128405329091,-0.2300782719990171,-0.0322828073609545,-0.9991017154190324,-0.0274514588982539,-0.2291822121251571,0.0341336708707942,-0.9727848714686632,0.9728480528809804,-0.0322828073609545,-0.2291822121251571,-0.0251128405329091,-0.9991017154190324,0.0341336708707942,-0.2300782719990171,-0.0274514588982539,-0.9727848714686632,244.79034748301447,87.22422491429272,134.49740813543255,-184.99917841386954,0.22336121756382932,26.803346107657468,0.21739695279104293,0.21369144476898355,0.08279482371324322
39,0.325,78.4551155578877,218.339198445972,60.1280664686571,0.9733334926060844,-0.0219282543093939,-0.2283441784547704,-0.0286263414408917,-0.9992503651360728,-0.0260622399485331,-0.227601504272162,0.0319039094527297,-0.9732315735808622,0.9733334926060844,-0.0286263414408917,-0.227601504272162,-0.0219282543093939,-0.9992503651360728,0.0319039094527297,-0.2283441784547704,-0.0260622399485331,-0.9732315735808622,221.41993413866666,79.57590929774605,125.58652189068206,-164.08073443524566,0.24435209742018,29.322251690422675,0.20961437169675712,0.22427319269563792,0.15867953103418136
40,0.333333333333333,79.2393615496353,219.49447568188,58.8393413115108,0.974450567853896,-0.017780830430372,-0.2238971479908256,-0.0238161587581211,-0.9994213705628768,-0.0242840409369752,-0.2233358040960457,0.0289959675028628,-0.9743101931506956,0.974450567853896,-0.0238161587581211,-0.2233358040960457,-0.017780830430372,-0.9994213705628768,0.0289959675028628,-0.2238971479908256,-0.0242840409369752,-0.9743101931506956,228.01641408415784,94.10951900971736,138.633268308968,-154.64701885756304,0.3893800561793313,46.72560674152179,0.35423985606558417,0.2939957484787876,0.3021819228734491
41,0.341666666666667,80.1387792661281,220.649955304111,57.741926830945,0.9751706657663152,-0.0154400924819681,-0.2209157671444697,-0.0210580582099727,-0.999511407234444,-0.0230977270017401,-0.2204511982578155,0.0271762829020045,-0.975019342800092,0.9751706657663152,-0.0210580582099727,-0.2204511982578155,-0.0154400924819681,-0.999511407234444,0.0271762829020045,-0.2209157671444697,-0.0230977270017401,-0.975019342800092,219.58373475131202,107.93012597912606,138.65755466770665,-131.6897376678854,0.24323372031309348,29.188046437568794,0.22106257216265554,0.17210275765462893,0.19959261225476463
42,0.35,80.9243935994842,222.006926626579,56.7649921565607,0.975959443020465,-0.0116384885123775,-0.2176412441710692,-0.0154037057537929,-0.99975947477306,-0.0156114845721311,-0.2174072018775695,0.0185886574728402,-0.9759039760064118,0.975959443020465,-0.0154037057537929,-0.2174072018775695,-0.0116384885123775,-0.99975947477306,0.0185886574728402,-0.2176412441710692,-0.0156114845721311,-0.9759039760064118,221.69045691362786,94.27372000273705,162.83655869616862,-117.23216092612061,0.5696124928147033,68.35349913776737,0.29100908529952346,0.5377193229197554,0.5244876610040772
43,0.358333333333333,81.6970991420794,223.183475596937,56.3399180098035,0.976707444355994,-0.0081456858239324,-0.2144206518552733,-0.012309740183981,-0.999760547840606,-0.0180919119513198,-0.2142219373364582,0.0203099675999055,-0.9765738409254598,0.976707444355994,-0.012309740183981,-0.2142219373364582,-0.0081456858239324,-0.999760547840606,0.0203099675999055,-0.2144206518552733,-0.0180919119513198,-0.9765738409254598,176.44609052758918,92.72466511142626,141.18587644296505,-51.00889761086638,0.29331350848512877,35.19762101821676,0.27556492015826245,0.22720622899711396,0.21096639858847852
44,0.366666666666667,82.4031295962664,224.222341739598,55.9286157200766,0.9781107359926704,-0.0059930501611689,-0.2079987295289139,-0.0091155977649987,-0.9998596423214136,-0.0140570812860131,-0.2078852905168216,0.0156454148765874,-0.9780280808750208,0.9781107359926704,-0.0091155977649987,-0.2078852905168216,-0.0059930501611689,-0.9998596423214136,0.0156454148765874,-0.2079987295289139,-0.0140570812860131,-0.9780280808750208,158.6040248834582,84.72365450243366,124.66393711930962,-49.356274767223944,0.4765602674100915,57.18723208920661,0.3963126531444432,0.29490512575368194,0.4584604080494165
45,0.375,83.4634274866514,225.476692404773,55.2929209480426,0.9785966860572766,-0.0028000075936248,-0.2057685252782642,-0.0068901813156561,-0.999792617927392,-0.0191636776045101,-0.2056721941322001,0.020171293844666,-0.9784130352082798,0.9785966860572766,-0.0068901813156561,-0.2056721941322001,-0.0028000075936248,-0.999792617927392,0.020171293844666,-0.2057685252782642,-0.0191636776045101,-0.9784130352082798,211.34092062614988,127.23574684620488,150.52207982100512,-76.28337264408285,0.3437019935248856,41.244239222987794,0.22488501552458973,0.31918623002061897,0.2894974944364466
46,0.383333333333333,84.2284736922967,226.483997717048,55.3060452637764,0.979624782947768,-0.0011221279390799,-0.2008333275714629,-0.0063459285164518,-0.9996580201183072,-0.0253687209849078,-0.2007361796632642,0.0261263017289925,-0.97929689192408,0.979624782947768,-0.0063459285164518,-0.2007361796632642,-0.0011221279390799,-0.9996580201183072,0.0261263017289925,-0.2008333275714629,-0.0253687209849078,-0.97929689192408,151.79558586024802,91.80554467744,120.87663747300545,1.5749178880557804,0.45774553566751625,54.92946428010397,0.30441537293099236,0.3569716355217343,0.44605368415546565
47,0.391666666666667,84.9377603221851,227.297004690009,55.2836941666251,0.9803941255753584,-0.0004973010224152,-0.1970459622246079,-0.0054867476244945,-0.999677967904588,-0.0247761192816483,-0.19697018591105,0.0253715032634345,-0.9800811357659732,0.9803941255753584,-0.0054867476244945,-0.19697018591105,-0.0004973010224152,-0.999677967904588,0.0253715032634345,-0.1970459622246079,-0.0247761192816483,-0.9800811357659732,129.4981506999269,85.11439558660105,97.56083675531323,-2.6821316581558903,0.2284072721884296,27.408872662609458,0.22430732471086584,0.059812145136081546,0.22460740496674544
48,0.4,85.5251588331421,228.242645843976,55.354444773474,0.9813623852247751,0.0019668399857545,-0.1921561875308996,-0.0026547284339146,-0.999713436844767,-0.0237906832387472,-0.1921479151145856,0.0238574041440949,-0.981075941497203,0.9813623852247751,-0.0026547284339146,-0.1921479151145856,0.0019668399857545,-0.999713436844767,0.0238574041440949,-0.1921561875308996,-0.0237906832387472,-0.981075941497203,133.85675125345543,70.48782131484278,113.47693847604282,8.490072821868779,0.33025613188104397,39.63073582572674,0.3185949008519474,0.1718174394735773,0.29515107026019616
49,0.408333333333333,86.3349082739101,229.289060363467,55.4476800591671,0.981909051127398,0.0048120615195283,-0.1892919950183451,-0.000593614519416,-0.9995938931961263,-0.0284902844284423,-0.1893522192526278,0.0280872346261336,-0.9815074346713636,0.981909051127398,-0.000593614519416,-0.1893522192526278,0.0048120615195283,-0.9995938931961263,0.0280872346261336,-0.1892919950183451,-0.0284902844284423,-0.9815074346713636,159.16950912692823,97.16993289216444,125.56974233892653,11.188234283172196,0.3361466419236813,40.33759703084352,0.23342493873372794,0.29410538349720894,0.29155402865515995
50,0.416666666666667,87.1673033553026,230.189876068415,55.6296695478373,0.9827081035886296,0.007984500925866,-0.1849892723543823,0.0026942961741788,-0.9995806660101948,-0.0288311100504547,-0.1851419020896264,0.0278341495932689,-0.9823175332890351,0.9827081035886296,0.0026942961741788,-0.1851419020896264,0.007984500925866,-0.9995806660101948,0.0278341495932689,-0.1849892723543823,-0.0288311100504547,-0.9823175332890351,148.79374243908018,99.88740976709062,108.09788459375125,21.838738640422726,0.3101131040969975,37.21357249163661,0.30969601153837284,0.18939443610150744,0.2460859451359248
51,0.425,87.8522379314541,231.121408624118,55.6881629743116,0.983464510602316,0.0101012343427265,-0.180819029558563,0.0042233652245401,-0.9994509601552414,-0.0328624623384533,-0.1810517041398045,0.0315554006395013,-0.9829672106019371,0.983464510602316,0.0042233652245401,-0.1810517041398045,0.0101012343427265,-0.9994509601552414,0.0315554006395013,-0.180819029558563,-0.0328624623384533,-0.9829672106019371,138.92609725720533,82.19214913818422,111.78390668436495,7.019211176916279,0.3438941167709522,41.26729401251606,0.271437380530086,0.24714815849786523,0.3190072861781694
52,0.433333333333333,88.4059360758289,231.59452229393,56.0311565794159,0.9841475771699152,0.0104904863495531,-0.1770409445488132,0.0048633153334236,-0.9994699795403548,-0.0321886340432557,-0.1772847836520489,0.0308173602658111,-0.9836769773618236,0.9841475771699152,0.0048633153334236,-0.1772847836520489,0.0104904863495531,-0.9994699795403548,0.0308173602658111,-0.1770409445488132,-0.0321886340432557,-0.9836769773618236,96.60281681281224,66.44377732497918,56.773640377441374,41.15923261251719,0.2255524910745307,27.066298928944683,0.2211056074716959,0.053255572158261315,0.2236604565793466
53,0.441666666666667,89.1756056807956,232.097120911158,56.2143957430723,0.9846689787035836,0.0117478542489991,-0.1740373244433094,0.0059882253808441,-0.9994180112094648,-0.0335824362860423,-0.1743305582381634,0.0320254085167098,-0.9841662611945748,0.9846689787035836,0.0059882253808441,-0.1743305582381634,0.0117478542489991,-0.9994180112094648,0.0320254085167098,-0.1740373244433094,-0.0335824362860423,-0.9841662611945748,112.47868674566168,92.36035259599623,60.31183406735403,21.98869963876663,0.20058280852298957,24.06993702275691,0.18894213675629457,0.10266676072844637,0.1850062541564736
54,0.45,89.966319603211,232.6058851158,56.7056169401695,0.9854306838975048,0.0131761381865201,-0.1695663781997658,0.0075943267631221,-0.999409034347971,-0.0335247410828333,-0.1699078969156855,0.031748566048655,-0.9849483921097304,0.9854306838975048,0.0075943267631221,-0.1699078969156855,0.0131761381865201,-0.999409034347971,0.031748566048655,-0.1695663781997658,-0.0335247410828333,-0.9849483921097304,127.30002411649924,94.88567068985228,61.051704557042946,58.94654365166578,0.2731059415318348,32.77271298382139,0.2724388271788914,0.09208363226055263,0.257820426079713
55,0.458333333333333,90.9499340170099,233.179614546437,56.3572304540856,0.9855282365768476,0.014747501045911,-0.1688686060895572,0.0087154594446168,-0.9992990758188712,-0.0364060137095345,-0.1692871397253743,0.0344073870041076,-0.9849659872519207,0.9855282365768476,0.0087154594446168,-0.1692871397253743,0.014747501045911,-0.9992990758188712,0.0344073870041076,-0.1688686060895572,-0.0364060137095345,-0.9849659872519207,142.8975759888571,118.03372965587188,68.84753167644321,-41.80637833006938,0.18114593092656492,21.737511711188738,0.09866832996268948,0.1772540016060114,0.15643933061341322
56,0.466666666666667,91.7412839269267,233.530545548065,56.7319102807216,0.9863576934910794,0.015076781824439,-0.1639243457841951,0.0097843604173849,-0.9994059573058446,-0.0330454050181113,-0.1643251860859461,0.0309906945938062,-0.9859192715767416,0.9863576934910794,0.0097843604173849,-0.1643251860859461,0.015076781824439,-0.9994059573058446,0.0309906945938062,-0.1639243457841951,-0.0330454050181113,-0.9859192715767416,113.19328589877524,94.96198919000854,42.1117201953563,44.96157919631596,0.3506144852117719,42.07373822540914,0.2878631861900302,0.20214675829122136,0.3494743720912778
57,0.475,92.8818462975717,233.762146571486,56.8406787577992,0.9866777321736138,0.0160194090495662,-0.1618963599542539,0.0102403482213442,-0.999282363226302,-0.0364677091844659,-0.1623643683233494,0.034324001493996,-0.9861337002761844,0.9866777321736138,0.0102403482213442,-0.1623643683233494,0.0160194090495662,-0.999282363226302,0.034324001493996,-0.1618963599542539,-0.0364677091844659,-0.9861337002761844,140.2692795041429,136.86748447740598,27.79212281052203,13.052217249313003,0.22932927302745745,27.519512763296092,0.12943900981068052,0.1979432617147857,0.22191846713326285
58,0.483333333333333,93.6493096117785,233.922864442671,57.5249249725781,0.9874891310422408,0.0164370752981769,-0.1568280543432267,0.0108642174662374,-0.9992809313141848,-0.0363261488559101,-0.1573123798443285,0.0341678630806421,-0.986957634491074,0.9874891310422408,0.0108642174662374,-0.1573123798443285,0.0164370752981769,-0.9992809313141848,0.0341678630806421,-0.1568280543432267,-0.0363261488559101,-0.986957634491074,124.88207235242531,92.09559770482029,19.286144542200674,82.10954577347043,0.29538111409531653,35.44573369143929,0.29506265956424665,0.03665381794303303,0.2934186834850099
59,0.491666666666667,94.5524577680283,233.917104444598,58.0466617764991,0.9882195335402536,0.0163455205609936,-0.1521675967053242,0.0107127707062393,-0.99922928711903,-0.0377633196023689,-0.1526675802954891,0.0356883135099609,-0.9876330058303716,0.9882195335402536,0.0107127707062393,-0.1526675802954891,0.0163455205609936,-0.99922928711903,0.0356883135099609,-0.1521675967053242,-0.0377633196023689,-0.9876330058303716,125.16403036353037,108.37777874996756,-0.6911997687586262,62.6084164705154,0.28271550277370333,33.92586033284181,0.2703351663228395,0.08285261664735644,0.28268432448454817
60,0.5,95.6146655603206,233.834128634622,58.543048774747,0.9888260509408062,0.0164287942163157,-0.1481659060020491,0.0108353144690117,-0.9992006242774628,-0.0384799740629613,-0.1486796453492129,0.0364445766078644,-0.9882136185535524,0.9888260509408062,0.0108353144690117,-0.1486796453492129,0.0164287942163157,-0.9992006242774628,0.0364445766078644,-0.1481659060020491,-0.0384799740629613,-0.9882136185535524,141.04826906953994,127.4649350750805,-9.957097197121042,59.566439789750156,0.23529834353075293,28.235801223691393,0.2319477856313103,0.041689606551700224,0.23493151690599107
61,0.508333333333333,96.7876332975686,233.862412459919,59.1241237885685,0.989672942035344,0.0165689752134005,-0.1423830638225081,0.0111096280270377,-0.9991753993389324,-0.0390524969878515,-0.1429127145085683,0.0370673767113753,-0.9890409322245108,0.989672942035344,0.0111096280270377,-0.1429127145085683,0.0165689752134005,-0.9991753993389324,0.0370673767113753,-0.1423830638225081,-0.0390524969878515,-0.9890409322245108,157.11760248564568,140.75612846976628,3.3940590356395774,69.72900165858269,0.3363214007189913,40.358568086280705,0.3349634771391484,0.03640274347466962,0.33570592916169567
62,0.516666666666667,97.9360430863084,233.734114030301,59.2354902520618,0.9902197533018524,0.0152195805486083,-0.138683829406109,0.0098031265747217,-0.9991653071616592,-0.0396558655674952,-0.1391716166471393,0.0379084862856813,-0.98954242343992,0.9902197533018524,0.0098031265747217,-0.1391716166471393,0.0152195805486083,-0.9991653071616592,0.0379084862856813,-0.138683829406109,-0.0396558655674952,-0.98954242343992,139.30899280066248,137.8091746487634,-15.395811554160202,13.363975619195338,0.23213674163835368,27.856408996599942,0.22777666449741157,0.08245620933837157,0.22157094021590362
63,0.525,98.9785241552629,233.533491523189,59.3431805600937,0.990625578377002,0.0146959471239924,-0.1358123433394726,0.0092029696405816,-0.9991173750013298,-0.0409850743594134,-0.1362947864557721,0.039350986119549,-0.989886473832426,0.990625578377002,0.0092029696405816,-0.1362947864557721,0.0146959471239924,-0.9991173750013298,0.039350986119549,-0.1358123433394726,-0.0409850743594134,-0.989886473832426,128.04699354466803,125.09772827454559,-24.0747008534378,12.922836963828383,0.18693246297466892,22.431895556961248,0.16884595203737848,0.0836063467627845,0.18544137776727074
64,0.533333333333333,100.245952610766,233.370589668747,59.4743400410527,0.9911526301620236,0.0141810681439247,-0.1319672725686191,0.0085574845863982,-0.9990348263964072,-0.0430834667204744,-0.1324508708180373,0.0415729834555812,-0.99031735007832,0.9911526301620236,0.0085574845863982,-0.1324508708180373,0.0141810681439247,-0.9990348263964072,0.0415729834555812,-0.1319672725686191,-0.0430834667204744,-0.99031735007832,154.14814910861136,152.09141466037786,-19.548222533043994,15.739137715080577,0.2564037336672541,30.768448040071835,0.22431478975469324,0.12587763667795138,0.25558443710258966
65,0.541666666666667,101.511844538271,233.072050431981,59.6388510713882,0.9916930893121038,0.0129899010895126,-0.1279690551668662,0.007574597660412,-0.9990586512393688,-0.0427134270933211,-0.128403434848522,0.0413892963634109,-0.9908579535259546,0.9916930893121038,0.007574597660412,-0.128403434848522,0.0129899010895126,-0.9990586512393688,0.0413892963634109,-0.1279690551668662,-0.0427134270933211,-0.9908579535259546,157.31775408524757,151.90703130058955,-35.82470841191434,19.74132364025897,0.2414188268481114,28.97025922177115,0.24102900665261737,0.06018958477900422,0.23419718543302268
66,0.55,102.725234170401,232.848617001426,59.6634109905743,0.992203607465942,0.0119345055975076,-0.1240547012721144,0.0066799597603363,-0.9990661776329588,-0.0426866588932605,-0.1244483003868304,0.041525176531983,-0.9913567875617824,0.992203607465942,0.0066799597603363,-0.1244483003868304,0.0119345055975076,-0.9990661776329588,0.041525176531983,-0.1240547012721144,-0.0426866588932605,-0.9913567875617824,148.08408844667076,145.60675585560304,-26.812011666603112,2.9471903023316237,0.2341717093262411,28.10060511914978,0.23411954384467265,0.05128373027920676,0.22854056559726024
