frame,time,origin_x,origin_y,origin_z,x_axis_x,x_axis_y,x_axis_z,y_axis_x,y_axis_y,y_axis_z,z_axis_x,z_axis_y,z_axis_z,R00,R01,R02,R10,R11,R12,R20,R21,R22
0,0.0,103.78845779484,218.998979715113,221.681493604565,0.9608496026722195,-0.07895775019081286,-0.26558184186695255,-0.08852079540810512,-0.9957799872021575,-0.024213340702747912,-0.26254925218890685,0.046774894681614644,-0.9637842079026662,0.9608496026722195,-0.08852079540810512,-0.26254925218890685,-0.07895775019081286,-0.9957799872021575,0.046774894681614644,-0.26558184186695255,-0.024213340702747912,-0.9637842079026662
1,0.0083333333333333,101.101984802,218.739426402406,215.467151055847,0.961195343341792,-0.07622631915749603,-0.26512838438340414,-0.085446326158113,-0.996067951014199,-0.023400049325948618,-0.2623021869602614,0.04514626485186796,-0.963929135095412,0.961195343341792,-0.085446326158113,-0.2623021869602614,-0.07622631915749603,-0.996067951014199,0.04514626485186796,-0.26512838438340414,-0.023400049325948618,-0.963929135095412
2,0.0166666666666667,98.7824292388978,218.775630250126,208.683741265352,0.9609280374564569,-0.07202171563135616,-0.2672642499617152,-0.08096174064543074,-0.9964616890325688,-0.022567650343403214,-0.2646932250393729,0.04332406684368595,-0.9633589787043975,0.9609280374564569,-0.08096174064543074,-0.2646932250393729,-0.07202171563135616,-0.9964616890325688,0.04332406684368595,-0.2672642499617152,-0.022567650343403214,-0.9633589787043975
3,0.025,96.187644560574,218.745190907568,202.24594946118,0.9608845199825027,-0.06864953102778652,-0.26830613326508296,-0.07722964927946782,-0.9967805466605361,-0.0215435157598174,-0.2659633819347428,0.041422019371200124,-0.9630927763102817,0.9608845199825027,-0.07722964927946782,-0.2659633819347428,-0.06864953102778652,-0.9967805466605361,0.041422019371200124,-0.26830613326508296,-0.0215435157598174,-0.9630927763102817
4,0.0333333333333333,93.9459404194214,218.443296827021,195.886648580862,0.9607378272657786,-0.06683846394268063,-0.2692869231849439,-0.07556801837142035,-0.9968941523913425,-0.02217032988846864,-0.26696872824367945,0.04164935372523602,-0.9628047722535564,0.9607378272657786,-0.07556801837142035,-0.26696872824367945,-0.06683846394268063,-0.9968941523913425,0.04164935372523602,-0.2692869231849439,-0.02217032988846864,-0.9628047722535564
5,0.0416666666666667,91.764438623202,218.40131526246,189.662942814209,0.9608181495809969,-0.063039916881079,-0.2699156392567422,-0.07145534345289828,-0.9972129988099965,-0.021456208807767163,-0.26781078642910844,0.03990242955010145,-0.9626448871667173,0.9608181495809969,-0.07145534345289828,-0.26781078642910844,-0.063039916881079,-0.9972129988099965,0.03990242955010145,-0.2699156392567422,-0.021456208807767163,-0.9626448871667173
6,0.05,89.5981218738892,218.110139277214,183.66382163304,0.9608580210112433,-0.060967797708858226,-0.27024949787351843,-0.07014171398011204,-0.9972383313134576,-0.02441004955101269,-0.268014931334598,0.042410354887485666,-0.9624808353312955,0.9608580210112433,-0.07014171398011204,-0.268014931334598,-0.060967797708858226,-0.9972383313134576,0.042410354887485666,-0.27024949787351843,-0.02441004955101269,-0.9624808353312955
7,0.0583333333333333,87.7120878726806,218.135501709601,177.994992351765,0.9611749358451049,-0.05673738020491451,-0.2700437231091316,-0.06624567624254865,-0.9974587880628907,-0.026219772982941807,-0.2678698435478055,0.0430910176671723,-0.9624909927443902,0.9611749358451049,-0.06624567624254865,-0.2678698435478055,-0.05673738020491451,-0.9974587880628907,0.0430910176671723,-0.2700437231091316,-0.026219772982941807,-0.9624909927443902
8,0.0666666666666667,86.0810882920679,217.623715554732,172.320182454593,0.9610522412202593,-0.05713148619508889,-0.270397083805755,-0.06797308284484527,-0.9972087124218937,-0.030894075134834414,-0.267877303357496,0.048070543527292856,-0.9622530712816181,0.9610522412202593,-0.06797308284484527,-0.267877303357496,-0.05713148619508889,-0.9972087124218937,0.048070543527292856,-0.270397083805755,-0.030894075134834414,-0.9622530712816181
9,0.075,84.3304681542571,217.299472629086,166.974942475182,0.961317390852852,-0.055165515801472685,-0.26986226099664734,-0.06636597213998408,-0.9972642675480428,-0.032550551666303745,-0.2673283220793861,0.04920108269360867,-0.9623485967548333,0.961317390852852,-0.06636597213998408,-0.2673283220793861,-0.055165515801472685,-0.9972642675480428,0.04920108269360867,-0.26986226099664734,-0.032550551666303745,-0.9623485967548333
10,0.0833333333333333,82.8806488249316,217.164134581696,161.66351390118,0.9614252415010138,-0.05211014709380157,-0.27008524131203376,-0.0627498340396986,-0.9975506956823065,-0.030904172400125825,-0.2678132993947601,0.046659855482082,-0.9623403215877862,0.9614252415010138,-0.0627498340396986,-0.2678132993947601,-0.05211014709380157,-0.9975506956823065,0.046659855482082,-0.27008524131203376,-0.030904172400125825,-0.9623403215877862
11,0.0916666666666667,81.4346526583181,216.865721866478,156.992237220364,0.9621845586490907,-0.05144740689558125,-0.26749586804467657,-0.06239429182237242,-0.9975196709394967,-0.032580031257551274,-0.26515623214482276,0.048038218248378915,-0.963008048846053,0.9621845586490907,-0.06239429182237242,-0.26515623214482276,-0.05144740689558125,-0.9975196709394967,0.048038218248378915,-0.26749586804467657,-0.032580031257551274,-0.963008048846053
12,0.1,80.1429045641594,216.60296663163,151.596167540745,0.961864305259694,-0.04875650963474785,-0.269146541934915,-0.05952610221588933,-0.997713911088752,-0.031993667732374345,-0.2669713494408524,0.04679481155238063,-0.9625676829135225,0.961864305259694,-0.05952610221588933,-0.2669713494408524,-0.04875650963474785,-0.997713911088752,0.04679481155238063,-0.269146541934915,-0.031993667732374345,-0.9625676829135225
13,0.108333333333333,79.0377554559714,216.420995963281,146.995042611889,0.9624577542922317,-0.04744360665376209,-0.2672530175516024,-0.05726717471256248,-0.9979352948984398,-0.029079509906545915,-0.26532158205316597,0.04329262504916003,-0.9631875241681435,0.9624577542922317,-0.05726717471256248,-0.26532158205316597,-0.04744360665376209,-0.9979352948984398,0.04329262504916003,-0.2672530175516024,-0.029079509906545915,-0.9631875241681435
14,0.116666666666667,78.1740987956589,216.070254726596,142.229018971723,0.9628238911566166,-0.047337337965927734,-0.2659498656745876,-0.057705321943122875,-0.9978428043984237,-0.03130229272321466,-0.26389439258436737,0.045485317901371336,-0.9634785080207752,0.9628238911566166,-0.057705321943122875,-0.26389439258436737,-0.047337337965927734,-0.9978428043984237,0.045485317901371336,-0.2659498656745876,-0.03130229272321466,-0.9634785080207752
15,0.125,77.0634006330835,215.848357274821,137.762427146567,0.963278195634037,-0.04465911131266448,-0.26476533306457795,-0.05463340117073547,-0.9980428433656269,-0.03042489577915431,-0.26288839702914113,0.04377266936591787,-0.9638327884669782,0.963278195634037,-0.05463340117073547,-0.26288839702914113,-0.04465911131266448,-0.9980428433656269,0.04377266936591787,-0.26476533306457795,-0.03042489577915431,-0.9638327884669782
16,0.133333333333333,76.1458490848208,215.383722867025,133.215332553194,0.9639826901390784,-0.04427134869860143,-0.2622544962372092,-0.053383997160437596,-0.9981891963364277,-0.027721420678077046,-0.26055234015337475,0.04072316296216896,-0.9646004883053693,0.9639826901390784,-0.053383997160437596,-0.26055234015337475,-0.04427134869860143,-0.9981891963364277,0.04072316296216896,-0.2622544962372092,-0.027721420678077046,-0.9646004883053693
17,0.141666666666667,75.4901729670321,214.825746194787,128.468798013602,0.9635341510553787,-0.04446018308878129,-0.26386593540982695,-0.05339794579371456,-0.9982137799482187,-0.026793822170432184,-0.2622033545456702,0.039906661614337875,-0.9641871494807407,0.9635341510553787,-0.05339794579371456,-0.2622033545456702,-0.04446018308878129,-0.9982137799482187,0.039906661614337875,-0.26386593540982695,-0.026793822170432184,-0.9641871494807407
18,0.15,74.7344596163354,214.50683929505,124.721684977782,0.9647684816693264,-0.042546300038726864,-0.2596374185869161,-0.05104581623181777,-0.9983557567679994,-0.026078872165469825,-0.2581009519988067,0.03841347785882004,-0.9653539782360145,0.9647684816693264,-0.05104581623181777,-0.2581009519988067,-0.042546300038726864,-0.9983557567679994,0.03841347785882004,-0.2596374185869161,-0.026078872165469825,-0.9653539782360145
19,0.158333333333333,74.1486310381863,213.938425557732,120.129530376551,0.9648136960286714,-0.04307614027899682,-0.2593819155110059,-0.05174532552216239,-0.9983037355427524,-0.02668469388978819,-0.25779246156957325,0.039167559791879275,-0.9654061057492074,0.9648136960286714,-0.05174532552216239,-0.25779246156957325,-0.04307614027899682,-0.9983037355427524,0.039167559791879275,-0.2593819155110059,-0.02668469388978819,-0.9654061057492074
20,0.166666666666667,73.5502334274767,213.567935380731,115.908691170956,0.9650348671888846,-0.0420600442138105,-0.2587250621614851,-0.051551063324460675,-0.9982194654884072,-0.030006442477506896,-0.2570023209619895,0.042294815294203515,-0.9654848293056602,0.9650348671888846,-0.051551063324460675,-0.2570023209619895,-0.0420600442138105,-0.9982194654884072,0.042294815294203515,-0.2587250621614851,-0.030006442477506896,-0.9654848293056602
21,0.175,73.1047657689579,212.956991706413,112.056324680267,0.965420579822257,-0.04304333533607287,-0.25711937954732916,-0.051760491320959556,-0.9982882638705236,-0.027228546721940222,-0.25550725154850296,0.03959562477752298,-0.9659959787207231,0.965420579822257,-0.051760491320959556,-0.25550725154850296,-0.04304333533607287,-0.9982882638705236,0.03959562477752298,-0.25711937954732916,-0.027228546721940222,-0.9659959787207231
22,0.183333333333333,72.8471563641888,212.486906640703,108.071552740453,0.9657149333614714,-0.04379883482014866,-0.25588342961404525,-0.0535690536576363,-0.9980723890739646,-0.03133468778229749,-0.254017763105012,0.04396780909467872,-0.9661996728371107,0.9657149333614714,-0.0535690536576363,-0.254017763105012,-0.04379883482014866,-0.9980723890739646,0.04396780909467872,-0.25588342961404525,-0.03133468778229749,-0.9661996728371107
23,0.191666666666667,72.5165911544333,211.962134319501,104.131909733014,0.9660619033872071,-0.04442900673395096,-0.2544611211649457,-0.05371113762272643,-0.9981164325736155,-0.02964288652934758,-0.25266482248061195,0.042304259680956184,-0.9666285931492442,0.9660619033872071,-0.05371113762272643,-0.25266482248061195,-0.04442900673395096,-0.9981164325736155,0.042304259680956184,-0.2544611211649457,-0.02964288652934758,-0.9666285931492442
24,0.2,72.2570743772756,211.662142575858,100.073346946488,0.9661875392969227,-0.044312317922999576,-0.2540040499433981,-0.05294272321866412,-0.9982259706658941,-0.027239301502157073,-0.25234640271965286,0.03976593980310918,-0.9668195090429373,0.9661875392969227,-0.05294272321866412,-0.25234640271965286,-0.044312317922999576,-0.9982259706658941,0.03976593980310918,-0.2540040499433981,-0.027239301502157073,-0.9668195090429373
25,0.208333333333333,72.1566160364143,211.203972595144,96.2815351281754,0.9663229104555947,-0.045231178686104025,-0.25332621894169266,-0.054683126072378074,-0.9980411356333503,-0.030391566373666166,-0.2514553408690718,0.043220736439332906,-0.9669033971861205,0.9663229104555947,-0.054683126072378074,-0.2514553408690718,-0.045231178686104025,-0.9980411356333503,0.043220736439332906,-0.25332621894169266,-0.030391566373666166,-0.9669033971861205
26,0.216666666666667,72.2101542862738,210.928580256782,92.432625958767,0.9665392125034145,-0.04560553022361337,-0.2524323400563062,-0.055503678367759456,-0.9979382761088903,-0.0322263675344366,-0.25044219369133436,0.04515897131068605,-0.9670777501986243,0.9665392125034145,-0.055503678367759456,-0.25044219369133436,-0.04560553022361337,-0.9979382761088903,0.04515897131068605,-0.2524323400563062,-0.0322263675344366,-0.9670777501986243
27,0.225,72.2946969178355,210.751174196961,88.7116315358035,0.9663587896313888,-0.045033331851630484,-0.25322458159605704,-0.0542682895142747,-0.9980875697615078,-0.029599929742522367,-0.25140732379020325,0.04234621718534396,-0.9669545777515817,0.9663587896313888,-0.0542682895142747,-0.25140732379020325,-0.045033331851630484,-0.9980875697615078,0.04234621718534396,-0.25322458159605704,-0.029599929742522367,-0.9669545777515817
28,0.233333333333333,72.4413332565772,210.716681901339,85.5695368104703,0.9671565472272488,-0.04545637556849072,-0.2500838480902812,-0.0561791729185231,-0.9977749533154107,-0.035903245906474375,-0.24789536842316603,0.04877356309115017,-0.9675582803416735,0.9671565472272488,-0.0561791729185231,-0.24789536842316603,-0.04545637556849072,-0.9977749533154107,0.04877356309115017,-0.2500838480902812,-0.035903245906474375,-0.9675582803416735
29,0.241666666666667,72.7136533438118,210.718498100862,82.2332861767156,0.9672472143864639,-0.0459808283733229,-0.24963691570704996,-0.05609574622691756,-0.9978614597875061,-0.033552560647330136,-0.24756028259167712,0.046457189894036056,-0.9677580462028091,0.9672472143864639,-0.05609574622691756,-0.24756028259167712,-0.0459808283733229,-0.9978614597875061,0.046457189894036056,-0.24963691570704996,-0.033552560647330136,-0.9677580462028091
30,0.25,73.0677405592696,210.760828123809,79.063655614889,0.9671915171444698,-0.04587993214133458,-0.24987116878600713,-0.05619578958960058,-0.997830263279492,-0.03430450285284812,-0.24775512587266496,0.04722073178473899,-0.9676712252069571,0.9671915171444698,-0.05619578958960058,-0.24775512587266496,-0.04587993214133458,-0.997830263279492,0.04722073178473899,-0.24987116878600713,-0.03430450285284812,-0.9676712252069571
31,0.258333333333333,73.5320328781065,211.178466385436,76.4121796737915,0.9684410249352343,-0.04476092271651061,-0.245190621802628,-0.05524801988893908,-0.9978213710950856,-0.03605783804216378,-0.24304246032482507,0.0484661859804347,-0.9688041036740945,0.9684410249352343,-0.05524801988893908,-0.24304246032482507,-0.04476092271651061,-0.9978213710950856,0.0484661859804347,-0.245190621802628,-0.03605783804216378,-0.9688041036740945
32,0.266666666666667,73.9716863734713,211.669993568051,73.7077593913661,0.9685748334174396,-0.042914396125073376,-0.2449921359464418,-0.05220143541210044,-0.998138459285382,-0.031537695482079506,-0.24318265195382632,0.043335559309005796,-0.9690119850074507,0.9685748334174396,-0.05220143541210044,-0.24318265195382632,-0.042914396125073376,-0.998138459285382,0.043335559309005796,-0.2449921359464418,-0.031537695482079506,-0.9690119850074507
33,0.275,74.4798817182583,212.478308227688,71.3796304856587,0.9691736095937931,-0.03973905802117244,-0.24315287729025084,-0.04924108714672987,-0.9982375119012007,-0.033123785561261866,-0.24140801520153815,0.04407581083644629,-0.9694222470603632,0.9691736095937931,-0.04924108714672987,-0.24140801520153815,-0.03973905802117244,-0.9982375119012007,0.04407581083644629,-0.24315287729025084,-0.033123785561261866,-0.9694222470603632
34,0.283333333333333,75.0653772905473,213.183341622248,68.894168606229,0.9699510184434117,-0.038608276545917974,-0.2402174489972422,-0.04693759036094559,-0.9984753864176416,-0.029047638961707267,-0.23872973093374183,0.03945001521286837,-0.9702843974155245,0.9699510184434117,-0.04693759036094559,-0.23872973093374183,-0.038608276545917974,-0.9984753864176416,0.03945001521286837,-0.2402174489972422,-0.029047638961707267,-0.9702843974155245
35,0.291666666666667,75.7690827624585,214.113209049288,66.7255416088208,0.9705699213792025,-0.034139805688148867,-0.23838729282733181,-0.04234526324180298,-0.9986708663714573,-0.029383317407421894,-0.23706730351305516,0.03861313673425576,-0.9707255633167341,0.9705699213792025,-0.04234526324180298,-0.23706730351305516,-0.034139805688148867,-0.9986708663714573,0.03861313673425576,-0.23838729282733181,-0.029383317407421894,-0.9707255633167341
36,0.3,76.2847475182774,215.001961827459,64.806214697149,0.9709748017045593,-0.031177915089700352,-0.23714103834100747,-0.039202074023867856,-0.9988046800107633,-0.029196037073960908,-0.23594730735276243,0.037645036847589214,-0.9710364150502929,0.9709748017045593,-0.039202074023867856,-0.23594730735276243,-0.031177915089700352,-0.9988046800107633,0.037645036847589214,-0.23714103834100747,-0.029196037073960908,-0.9710364150502929
37,0.308333333333333,77.065114439454,216.171832362421,63.0370657423998,0.9724637747968654,-0.028690781524101528,-0.2312813130440236,-0.036010049083946824,-0.9989733539884327,-0.027486621947291588,-0.2302552563413116,0.03505819557019251,-0.9724985551920162,0.9724637747968654,-0.036010049083946824,-0.2302552563413116,-0.028690781524101528,-0.9989733539884327,0.03505819557019251,-0.2312813130440236,-0.027486621947291588,-0.9724985551920162
38,0.316666666666667,77.7919829804065,217.292644096883,61.4954059222841,0.9728480528809805,-0.025112840532909103,-0.2300782719990171,-0.03228280736095454,-0.9991017154190324,-0.027451458898253994,-0.22918221212515713,0.03413367087079423,-0.9727848714686633,0.9728480528809805,-0.03228280736095454,-0.22918221212515713,-0.025112840532909103,-0.9991017154190324,0.03413367087079423,-0.2300782719990171,-0.027451458898253994,-0.9727848714686633
39,0.325,78.4551155578877,218.339198445972,60.1280664686571,0.9733334926060845,-0.02192825430939391,-0.22834417845477042,-0.028626341440891715,-0.9992503651360727,-0.026062239948533156,-0.227601504272162,0.031903909452729765,-0.9732315735808622,0.9733334926060845,-0.028626341440891715,-0.227601504272162,-0.02192825430939391,-0.9992503651360727,0.031903909452729765,-0.22834417845477042,-0.026062239948533156,-0.9732315735808622
40,0.333333333333333,79.2393615496353,219.49447568188,58.8393413115108,0.974450567853896,-0.017780830430372,-0.22389714799082566,-0.02381615875812116,-0.9994213705628768,-0.02428404093697524,-0.22333580409604575,0.02899596750286284,-0.9743101931506956,0.974450567853896,-0.02381615875812116,-0.22333580409604575,-0.017780830430372,-0.9994213705628768,0.02899596750286284,-0.22389714799082566,-0.02428404093697524,-0.9743101931506956
41,0.341666666666667,80.1387792661281,220.649955304111,57.741926830945,0.9751706657663153,-0.015440092481968183,-0.22091576714446973,-0.021058058209972735,-0.999511407234444,-0.02309772700174013,-0.22045119825781553,0.027176282902004547,-0.9750193428000921,0.9751706657663153,-0.021058058209972735,-0.22045119825781553,-0.015440092481968183,-0.999511407234444,0.027176282902004547,-0.22091576714446973,-0.02309772700174013,-0.9750193428000921
42,0.35,80.9243935994842,222.006926626579,56.7649921565607,0.975959443020465,-0.011638488512377546,-0.21764124417106928,-0.015403705753792997,-0.9997594747730599,-0.015611484572131167,-0.21740720187756957,0.018588657472840282,-0.9759039760064118,0.975959443020465,-0.015403705753792997,-0.21740720187756957,-0.011638488512377546,-0.9997594747730599,0.018588657472840282,-0.21764124417106928,-0.015611484572131167,-0.9759039760064118
43,0.358333333333333,81.6970991420794,223.183475596937,56.3399180098035,0.9767074443559941,-0.008145685823932474,-0.21442065185527337,-0.012309740183981028,-0.999760547840606,-0.018091911951319813,-0.21422193733645828,0.020309967599905505,-0.9765738409254598,0.9767074443559941,-0.012309740183981028,-0.21422193733645828,-0.008145685823932474,-0.999760547840606,0.020309967599905505,-0.21442065185527337,-0.018091911951319813,-0.9765738409254598
44,0.366666666666667,82.4031295962664,224.222341739598,55.9286157200766,0.9781107359926704,-0.005993050161168921,-0.20799872952891396,-0.009115597764998729,-0.9998596423214137,-0.014057081286013118,-0.20788529051682167,0.015645414876587427,-0.9780280808750208,0.9781107359926704,-0.009115597764998729,-0.20788529051682167,-0.005993050161168921,-0.9998596423214137,0.015645414876587427,-0.20799872952891396,-0.014057081286013118,-0.9780280808750208
45,0.375,83.4634274866514,225.476692404773,55.2929209480426,0.9785966860572766,-0.002800007593624858,-0.20576852527826428,-0.0068901813156561995,-0.9997926179273919,-0.01916367760451013,-0.20567219413220017,0.020171293844666083,-0.9784130352082798,0.9785966860572766,-0.0068901813156561995,-0.20567219413220017,-0.002800007593624858,-0.9997926179273919,0.020171293844666083,-0.20576852527826428,-0.01916367760451013,-0.9784130352082798
46,0.383333333333333,84.2284736922967,226.483997717048,55.3060452637764,0.9796247829477681,-0.0011221279390799847,-0.20083332757146294,-0.006345928516451841,-0.9996580201183073,-0.025368720984907896,-0.20073617966326424,0.026126301728992544,-0.9792968919240801,0.9796247829477681,-0.006345928516451841,-0.20073617966326424,-0.0011221279390799847,-0.9996580201183073,0.026126301728992544,-0.20083332757146294,-0.025368720984907896,-0.9792968919240801
47,0.391666666666667,84.9377603221851,227.297004690009,55.2836941666251,0.9803941255753583,-0.0004973010224152345,-0.19704596222460793,-0.0054867476244945465,-0.9996779679045881,-0.024776119281648395,-0.19697018591105,0.02537150326343456,-0.9800811357659731,0.9803941255753583,-0.0054867476244945465,-0.19697018591105,-0.0004973010224152345,-0.9996779679045881,0.02537150326343456,-0.19704596222460793,-0.024776119281648395,-0.9800811357659731
48,0.4,85.5251588331421,228.242645843976,55.354444773474,0.9813623852247753,0.001966839985754564,-0.19215618753089964,-0.0026547284339146723,-0.999713436844767,-0.023790683238747227,-0.1921479151145856,0.023857404144094974,-0.981075941497203,0.9813623852247753,-0.0026547284339146723,-0.1921479151145856,0.001966839985754564,-0.999713436844767,0.023857404144094974,-0.19215618753089964,-0.023790683238747227,-0.981075941497203
49,0.408333333333333,86.3349082739101,229.289060363467,55.4476800591671,0.981909051127398,0.0048120615195283815,-0.1892919950183451,-0.0005936145194160858,-0.9995938931961263,-0.028490284428442314,-0.18935221925262785,0.028087234626133602,-0.9815074346713637,0.981909051127398,-0.0005936145194160858,-0.18935221925262785,0.0048120615195283815,-0.9995938931961263,0.028087234626133602,-0.1892919950183451,-0.028490284428442314,-0.9815074346713637
50,0.416666666666667,87.1673033553026,230.189876068415,55.6296695478373,0.9827081035886297,0.007984500925866037,-0.18498927235438234,0.0026942961741788923,-0.9995806660101947,-0.028831110050454786,-0.1851419020896264,0.027834149593268954,-0.9823175332890351,0.9827081035886297,0.0026942961741788923,-0.1851419020896264,0.007984500925866037,-0.9995806660101947,0.027834149593268954,-0.18498927235438234,-0.028831110050454786,-0.9823175332890351
51,0.425,87.8522379314541,231.121408624118,55.6881629743116,0.9834645106023159,0.010101234342726565,-0.180819029558563,0.004223365224540132,-0.9994509601552414,-0.03286246233845338,-0.1810517041398045,0.03155540063950136,-0.9829672106019373,0.9834645106023159,0.004223365224540132,-0.1810517041398045,0.010101234342726565,-0.9994509601552414,0.03155540063950136,-0.180819029558563,-0.03286246233845338,-0.9829672106019373
52,0.433333333333333,88.4059360758289,231.59452229393,56.0311565794159,0.9841475771699151,0.010490486349553118,-0.1770409445488132,0.0048633153334236056,-0.9994699795403548,-0.032188634043255775,-0.17728478365204892,0.030817360265811174,-0.9836769773618236,0.9841475771699151,0.0048633153334236056,-0.17728478365204892,0.010490486349553118,-0.9994699795403548,0.030817360265811174,-0.1770409445488132,-0.032188634043255775,-0.9836769773618236
53,0.441666666666667,89.1756056807956,232.097120911158,56.2143957430723,0.9846689787035836,0.011747854248999183,-0.1740373244433094,0.005988225380844179,-0.9994180112094649,-0.0335824362860423,-0.1743305582381634,0.0320254085167098,-0.9841662611945748,0.9846689787035836,0.005988225380844179,-0.1743305582381634,0.011747854248999183,-0.9994180112094649,0.0320254085167098,-0.1740373244433094,-0.0335824362860423,-0.9841662611945748
54,0.45,89.966319603211,232.6058851158,56.7056169401695,0.9854306838975047,0.013176138186520175,-0.16956637819976586,0.007594326763122183,-0.999409034347971,-0.0335247410828333,-0.16990789691568556,0.03174856604865501,-0.9849483921097303,0.9854306838975047,0.007594326763122183,-0.16990789691568556,0.013176138186520175,-0.999409034347971,0.03174856604865501,-0.16956637819976586,-0.0335247410828333,-0.9849483921097303
55,0.458333333333333,90.9499340170099,233.179614546437,56.3572304540856,0.9855282365768475,0.014747501045911006,-0.1688686060895572,0.008715459444616868,-0.9992990758188713,-0.03640601370953459,-0.16928713972537437,0.034407387004107635,-0.9849659872519209,0.9855282365768475,0.008715459444616868,-0.16928713972537437,0.014747501045911006,-0.9992990758188713,0.034407387004107635,-0.1688686060895572,-0.03640601370953459,-0.9849659872519209
56,0.466666666666667,91.7412839269267,233.530545548065,56.7319102807216,0.9863576934910794,0.015076781824439063,-0.16392434578419518,0.009784360417384933,-0.9994059573058446,-0.03304540501811135,-0.16432518608594615,0.03099069459380625,-0.9859192715767416,0.9863576934910794,0.009784360417384933,-0.16432518608594615,0.015076781824439063,-0.9994059573058446,0.03099069459380625,-0.16392434578419518,-0.03304540501811135,-0.9859192715767416
57,0.475,92.8818462975717,233.762146571486,56.8406787577992,0.9866777321736138,0.016019409049566277,-0.1618963599542539,0.010240348221344254,-0.999282363226302,-0.03646770918446595,-0.1623643683233494,0.034324001493996066,-0.9861337002761845,0.9866777321736138,0.010240348221344254,-0.1623643683233494,0.016019409049566277,-0.999282363226302,0.034324001493996066,-0.1618963599542539,-0.03646770918446595,-0.9861337002761845
58,0.483333333333333,93.6493096117785,233.922864442671,57.5249249725781,0.9874891310422409,0.016437075298176916,-0.1568280543432267,0.010864217466237482,-0.9992809313141848,-0.03632614885591018,-0.15731237984432853,0.03416786308064211,-0.9869576344910739,0.9874891310422409,0.010864217466237482,-0.15731237984432853,0.016437075298176916,-0.9992809313141848,0.03416786308064211,-0.1568280543432267,-0.03632614885591018,-0.9869576344910739
59,0.491666666666667,94.5524577680283,233.917104444598,58.0466617764991,0.9882195335402535,0.01634552056099365,-0.15216759670532426,0.010712770706239397,-0.9992292871190301,-0.03776331960236896,-0.1526675802954891,0.0356883135099609,-0.9876330058303717,0.9882195335402535,0.010712770706239397,-0.1526675802954891,0.01634552056099365,-0.9992292871190301,0.0356883135099609,-0.15216759670532426,-0.03776331960236896,-0.9876330058303717
60,0.5,95.6146655603206,233.834128634622,58.543048774747,0.9888260509408062,0.016428794216315747,-0.14816590600204915,0.010835314469011727,-0.9992006242774629,-0.038479974062961365,-0.14867964534921294,0.036444576607864494,-0.9882136185535523,0.9888260509408062,0.010835314469011727,-0.14867964534921294,0.016428794216315747,-0.9992006242774629,0.036444576607864494,-0.14816590600204915,-0.038479974062961365,-0.9882136185535523
61,0.508333333333333,96.7876332975686,233.862412459919,59.1241237885685,0.9896729420353441,0.016568975213400526,-0.14238306382250812,0.01110962802703776,-0.9991753993389324,-0.039052496987851515,-0.14291271450856835,0.037067376711375374,-0.9890409322245108,0.9896729420353441,0.01110962802703776,-0.14291271450856835,0.016568975213400526,-0.9991753993389324,0.037067376711375374,-0.14238306382250812,-0.039052496987851515,-0.9890409322245108
62,0.516666666666667,97.9360430863084,233.734114030301,59.2354902520618,0.9902197533018524,0.015219580548608395,-0.13868382940610902,0.009803126574721762,-0.9991653071616592,-0.03965586556749524,-0.1391716166471393,0.03790848628568135,-0.9895424234399199,0.9902197533018524,0.009803126574721762,-0.1391716166471393,0.015219580548608395,-0.9991653071616592,0.03790848628568135,-0.13868382940610902,-0.03965586556749524,-0.9895424234399199
63,0.525,98.9785241552629,233.533491523189,59.3431805600937,0.990625578377002,0.014695947123992449,-0.13581234333947265,0.00920296964058166,-0.9991173750013298,-0.040985074359413495,-0.1362947864557721,0.03935098611954901,-0.9898864738324261,0.990625578377002,0.00920296964058166,-0.1362947864557721,0.014695947123992449,-0.9991173750013298,0.03935098611954901,-0.13581234333947265,-0.040985074359413495,-0.9898864738324261
64,0.533333333333333,100.245952610766,233.370589668747,59.4743400410527,0.9911526301620236,0.014181068143924757,-0.13196727256861912,0.008557484586398257,-0.9990348263964072,-0.04308346672047443,-0.13245087081803733,0.04157298345558127,-0.9903173500783199,0.9911526301620236,0.008557484586398257,-0.13245087081803733,0.014181068143924757,-0.9990348263964072,0.04157298345558127,-0.13196727256861912,-0.04308346672047443,-0.9903173500783199
65,0.541666666666667,101.511844538271,233.072050431981,59.6388510713882,0.9916930893121038,0.012989901089512694,-0.1279690551668662,0.007574597660412012,-0.9990586512393687,-0.04271342709332118,-0.12840343484852207,0.04138929636341091,-0.9908579535259546,0.9916930893121038,0.007574597660412012,-0.12840343484852207,0.012989901089512694,-0.9990586512393687,0.04138929636341091,-0.1279690551668662,-0.04271342709332118,-0.9908579535259546
66,0.55,102.725234170401,232.848617001426,59.6634109905743,0.992203607465942,0.011934505597507632,-0.12405470127211443,0.006679959760336308,-0.9990661776329588,-0.04268665889326058,-0.12444830038683043,0.041525176531983024,-0.9913567875617824,0.992203607465942,0.006679959760336308,-0.12444830038683043,0.011934505597507632,-0.9990661776329588,0.041525176531983024,-0.12405470127211443,-0.04268665889326058,-0.9913567875617824
67,0.558333333333333,103.931796332914,232.514643194681,59.6844366262201,0.9927104158327378,0.010880435578684948,-0.12003185585006508,0.005604796671938117,-0.9990068761729793,-0.04420234850516047,-0.12039359015935588,0.04320737761914645,-0.9917855140945635,0.9927104158327378,0.005604796671938117,-0.12039359015935588,0.010880435578684948,-0.9990068761729793,0.04320737761914645,-0.12003185585006508,-0.04420234850516047,-0.9917855140945635
68,0.566666666666667,105.379755084472,232.156335912472,59.8164658411554,0.9932237227187393,0.010272368525797304,-0.11576318531208064,0.005052256276036035,-0.9989608087232285,-0.04529654889232455,-0.1161081880629018,0.04440474163761908,-0.9922434719285615,0.9932237227187393,0.005052256276036035,-0.1161081880629018,0.010272368525797304,-0.9989608087232285,0.04440474163761908,-0.11576318531208064,-0.04529654889232455,-0.9922434719285615
69,0.575,106.939057058583,231.788563245118,59.8451973021004,0.9935700564279843,0.009885127903492861,-0.11278664467047345,0.0048685727694063536,-0.9989900540876007,-0.044667312805247744,-0.11311427835990046,0.04383099451740105,-0.9926147308753456,0.9935700564279843,0.0048685727694063536,-0.11311427835990046,0.009885127903492861,-0.9989900540876007,0.04383099451740105,-0.11278664467047345,-0.044667312805247744,-0.9926147308753456
70,0.583333333333333,108.338859173691,231.52147769829,59.7857971739544,0.9938777835376698,0.009176192220806085,-0.1101033554737348,0.004211857055814753,-0.9989674447793782,-0.04523609765553907,-0.1104047628066388,0.04449541287915982,-0.9928901986535686,0.9938777835376698,0.004211857055814753,-0.1104047628066388,0.009176192220806085,-0.9989674447793782,0.04449541287915982,-0.1101033554737348,-0.04523609765553907,-0.9928901986535686
71,0.591666666666667,109.913382455366,231.28795891949,59.8043245359478,0.9943824895413117,0.008934606598663119,-0.10546865552641913,0.003969679818564914,-0.9988779825210599,-0.047191288145118436,-0.10577195344589892,0.04650751379706985,-0.9933022425347956,0.9943824895413117,0.003969679818564914,-0.10577195344589892,0.008934606598663119,-0.9988779825210599,0.04650751379706985,-0.10546865552641913,-0.047191288145118436,-0.9933022425347956
72,0.6,111.434249591275,230.856954173384,59.6396707266017,0.994817668727133,0.007383244522799173,-0.10140657616066723,0.002483916117929414,-0.998827111755389,-0.04835525807093514,-0.10164465627386289,0.04785277967583706,-0.9936691981380242,0.994817668727133,0.002483916117929414,-0.10164465627386289,0.007383244522799173,-0.998827111755389,0.04785277967583706,-0.10140657616066723,-0.04835525807093514,-0.9936691981380242
73,0.608333333333333,113.152013193874,230.679870263719,58.9074366630682,0.994864802737095,0.007040733590489232,-0.10096758066522601,0.0020407665734838527,-0.9987701273709544,-0.04953855007163769,-0.1011921911348584,0.0490781085812744,-0.993655614240372,0.994864802737095,0.0020407665734838527,-0.1011921911348584,0.007040733590489232,-0.9987701273709544,0.0490781085812744,-0.10096758066522601,-0.04953855007163769,-0.993655614240372
74,0.616666666666667,114.840260332267,230.293588805183,58.1332871194597,0.9950298977043647,0.005586199099663429,-0.09941980212241623,0.00032931427531222515,-0.9986043297266128,-0.052813674397551566,-0.09957607256037745,0.05251844467309972,-0.9936430036701154,0.9950298977043647,0.00032931427531222515,-0.09957607256037745,0.005586199099663429,-0.9986043297266128,0.05251844467309972,-0.09941980212241623,-0.052813674397551566,-0.9936430036701154
75,0.625,116.505292589958,230.029095190895,57.6106115331006,0.9952756101570599,0.0047704308609418655,-0.09697269108307248,-0.00032767830133337376,-0.9986214565437268,-0.05248884793378926,-0.09708940443438134,0.05227264600043306,-0.9939020163108084,0.9952756101570599,-0.00032767830133337376,-0.09708940443438134,0.0047704308609418655,-0.9986214565437268,0.05227264600043306,-0.09697269108307248,-0.05248884793378926,-0.9939020163108084
76,0.633333333333333,118.489042653948,229.872588614382,56.6854721221341,0.9953482897601609,0.0036845156375672557,-0.09627152442981018,-0.0017345341345149554,-0.9984211192921589,-0.056144990361820336,-0.09632639027213268,0.05605080638054387,-0.9937703626297332,0.9953482897601609,-0.0017345341345149554,-0.09632639027213268,0.0036845156375672557,-0.9984211192921589,0.05605080638054387,-0.09627152442981018,-0.056144990361820336,-0.9937703626297332
77,0.641666666666667,120.229933531852,229.62732532646,55.6552860086955,0.9954761847936425,0.003821401610765057,-0.09493451637008937,-0.0015582988033115573,-0.9983997519602319,-0.056528815577430634,-0.09499861690326404,0.056421026005176546,-0.9938772210947336,0.9954761847936425,-0.0015582988033115573,-0.09499861690326404,0.003821401610765057,-0.9983997519602319,0.056421026005176546,-0.09493451637008937,-0.056528815577430634,-0.9938772210947336
78,0.65,122.138973390597,229.394595692704,54.5596560192191,0.9954451576027882,0.0023889219074219575,-0.09530598752061864,-0.0030980698113818594,-0.9983474376738415,-0.05738288641676279,-0.09528557167065686,0.05741678101561891,-0.9937927213907338,0.9954451576027882,-0.0030980698113818594,-0.09528557167065686,0.0023889219074219575,-0.9983474376738415,0.05741678101561891,-0.09530598752061864,-0.05738288641676279,-0.9937927213907338
79,0.658333333333333,124.163729287961,229.35761223475,53.2959822949015,0.9953472523343868,0.003076556699051413,-0.09630359323132083,-0.0021859775197157236,-0.9985118089814716,-0.054492098755988434,-0.09632792312029509,0.054449078260578675,-0.9938592602093638,0.9953472523343868,-0.0021859775197157236,-0.09632792312029509,0.003076556699051413,-0.9985118089814716,0.054449078260578675,-0.09630359323132083,-0.054492098755988434,-0.9938592602093638
80,0.666666666666667,126.2245199518,228.980695102994,52.437947321183,0.995413324504359,0.0014285922631211794,-0.09565705684017939,-0.003640592299167692,-0.9985985860386035,-0.05279782239271859,-0.09559842826579734,0.05290390425902011,-0.9940131374520468,0.995413324504359,-0.003640592299167692,-0.09559842826579734,0.0014285922631211794,-0.9985985860386035,0.05290390425902011,-0.09565705684017939,-0.05279782239271859,-0.9940131374520468
81,0.675,128.256982299411,228.66440302762,51.3023220406303,0.9954281197835215,0.0002650042286509735,-0.09551328764628367,-0.004718399783283558,-0.9986387821097858,-0.05194535176287511,-0.0953970389882623,0.05215853371254333,-0.9940718748225549,0.9954281197835215,-0.004718399783283558,-0.0953970389882623,0.0002650042286509735,-0.9986387821097858,0.05215853371254333,-0.09551328764628367,-0.05194535176287511,-0.9940718748225549
82,0.683333333333333,130.194200694395,228.657711977175,50.2841744009825,0.9956130744621938,0.0006267856342546187,-0.0935639519243745,-0.00402259743629906,-0.9987662627765412,-0.04949516187716239,-0.09347954145054119,0.04965440040066661,-0.9943822282457822,0.9956130744621938,-0.00402259743629906,-0.09347954145054119,0.0006267856342546187,-0.9987662627765412,0.04965440040066661,-0.0935639519243745,-0.04949516187716239,-0.9943822282457822
83,0.691666666666667,132.107077997202,229.129818063241,47.841441584473,0.9948672561906997,0.0038514716056155937,-0.10111532389336256,-0.0009380191381929276,-0.998881405715863,-0.04727639405874654,-0.10118430055934995,0.047128584548792034,-0.9937507906103736,0.9948672561906997,-0.0009380191381929276,-0.10118430055934995,0.0038514716056155937,-0.998881405715863,0.047128584548792034,-0.10111532389336256,-0.04727639405874654,-0.9937507906103736
84,0.7,134.156290277668,228.908054393583,46.8200658307553,0.9950021866386186,0.003816470102865549,-0.09978017408444258,-0.0005976208250005107,-0.9990238114377662,-0.044170884411660824,-0.09985134667953786,0.04400975728531922,-0.9940285960826127,0.9950021866386186,-0.0005976208250005107,-0.09985134667953786,0.003816470102865549,-0.9990238114377662,0.04400975728531922,-0.09978017408444258,-0.044170884411660824,-0.9940285960826127
85,0.708333333333333,136.01195200956,228.836103657733,45.2856409083569,0.9946679330627253,0.00363400634224422,-0.10306549827478827,-0.0007572836938539431,-0.9990946609560589,-0.04253569054928697,-0.10312676402434472,0.0423869372212974,-0.9937646693734211,0.9946679330627253,-0.0007572836938539431,-0.10312676402434472,0.00363400634224422,-0.9990946609560589,0.0423869372212974,-0.10306549827478827,-0.04253569054928697,-0.9937646693734211
86,0.716666666666667,138.26557032995,228.202622902384,44.114772234865,0.9946984489929462,0.0018819423339649227,-0.10281757565746635,-0.002675764375746832,-0.9990203491537413,-0.044172188781432246,-0.1027999798445149,0.044213123275659176,-0.9937189561813635,0.9946984489929462,-0.002675764375746832,-0.1027999798445149,0.0018819423339649227,-0.9990203491537413,0.044213123275659176,-0.10281757565746635,-0.044172188781432246,-0.9937189561813635
87,0.725,140.329410222019,227.733086601974,43.0939757824605,0.9944830993541786,0.0009321277545365724,-0.10489278448375998,-0.0037654714821323252,-0.9989988181528301,-0.044577825807972135,-0.10482931996070823,0.04472686516063786,-0.9934839310273104,0.9944830993541786,-0.0037654714821323252,-0.10482931996070823,0.0009321277545365724,-0.9989988181528301,0.04472686516063786,-0.10489278448375998,-0.044577825807972135,-0.9934839310273104
88,0.733333333333333,142.189546358204,227.248258143891,41.9433723851986,0.9943114173449298,-0.00029155935635628215,-0.10651159716509148,-0.004914734702304891,-0.999056712176591,-0.04314546601563497,-0.10639854660813258,0.0434235057087987,-0.9933749284291581,0.9943114173449298,-0.004914734702304891,-0.10639854660813258,-0.00029155935635628215,-0.999056712176591,0.0434235057087987,-0.10651159716509148,-0.04314546601563497,-0.9933749284291581
89,0.741666666666667,143.996646263248,226.393795701817,40.7879866504452,0.9941998021414765,-0.0039052364400483396,-0.10747791656985324,-0.00853220308672042,-0.9990547390408248,-0.0426242878011659,-0.10720986396939405,0.043294081909852074,-0.9932933441533005,0.9941998021414765,-0.00853220308672042,-0.10720986396939405,-0.0039052364400483396,-0.9990547390408248,0.043294081909852074,-0.10747791656985324,-0.0426242878011659,-0.9932933441533005
90,0.75,145.867209500909,225.673513137007,40.0352064426701,0.9940885551190535,-0.006836535578726,-0.10835684732675452,-0.011830256680987769,-0.9988938182454841,-0.04551027244282271,-0.1079258523625119,0.0465231302927782,-0.9930697904677125,0.9940885551190535,-0.011830256680987769,-0.1079258523625119,-0.006836535578726,-0.9988938182454841,0.0465231302927782,-0.10835684732675452,-0.04551027244282271,-0.9930697904677125
